net
{
	huginenginegenerator3061656038650325130L = "edu.ucla.belief.inference.JoinTreeSettings@1aa632be";
}

node com_d_content
{
	states = ("completely inadequate." "inadequate." "slightly inadequate." "not the best, yet, acceptable." "good." "very good." "excellent." );
	position = (570 200);
	excludepolicy = "include whole CPT";
	ismapvariable = "false";
	label = "Content of communications made by the Doctor";
	DSLxEXTRA_DEFINITIONxDIAGNOSIS_TYPE = "AUXILIARY";
	diagnosistype = "AUXILIARY";
}
node com_p_feelings
{
	states = ("completely unsympathetic. " "unsympathetic. " "slight unsympathetic." "impartial." "slightly sympathetic." "sympathetic. " "completely sympathetic. " );
	position = (1590 2130);
	excludepolicy = "include whole CPT";
	ismapvariable = "false";
	label = "Sensitivity towards feeling showed by the Patient";
	DSLxEXTRA_DEFINITIONxDIAGNOSIS_TYPE = "AUXILIARY";
	diagnosistype = "AUXILIARY";
}
node com_p_detail
{
	states = ("completely inadequate." "inadequate." "slightly inadequate." "not the best, yet, acceptable." "good." "very good." "excellent." );
	position = (1090 1700);
	excludepolicy = "include whole CPT";
	ismapvariable = "false";
	label = "Level of detail provided by the Patient";
	DSLxEXTRA_DEFINITIONxDIAGNOSIS_TYPE = "AUXILIARY";
	diagnosistype = "AUXILIARY";
}
node com_d_literacy
{
	states = ("completely inadequate." "inadequate." "slightly inadequate." "not the best, yet, acceptable." "good." "very good." "excellent." );
	position = (1090 170);
	excludepolicy = "include whole CPT";
	ismapvariable = "false";
	label = "Doctor's explanation of medical terminology";
	DSLxEXTRA_DEFINITIONxDIAGNOSIS_TYPE = "AUXILIARY";
	diagnosistype = "AUXILIARY";
}
node com_d_validity
{
	states = ("completely inadequate." "inadequate." "slightly inadequate." "not the best, yet, acceptable." "good." "very good." "excellent." );
	position = (1090 460);
	excludepolicy = "include whole CPT";
	ismapvariable = "false";
	label = "Validity of information provided by the Doctor";
	DSLxEXTRA_DEFINITIONxDIAGNOSIS_TYPE = "AUXILIARY";
	diagnosistype = "AUXILIARY";
}
node com_d_delivery
{
	states = ("extremely obstructive." "obstructive." "hindering." "neither hindering nor beneficial." "beneficial." "helpful." "extremely helpful." );
	position = (570 830);
	excludepolicy = "include whole CPT";
	ismapvariable = "false";
	label = "The manner used by the Doctor to communicate";
	DSLxEXTRA_DEFINITIONxDIAGNOSIS_TYPE = "AUXILIARY";
	diagnosistype = "AUXILIARY";
}
node com_p_delivery
{
	states = ("extremely obstructive." "obstructive." "hindering." "neither hindering nor beneficial." "beneficial." "helpful." "extremely helpful." );
	position = (550 2000);
	excludepolicy = "include whole CPT";
	ismapvariable = "false";
	label = "The manner used by the Patient to communicate";
	DSLxEXTRA_DEFINITIONxDIAGNOSIS_TYPE = "AUXILIARY";
	diagnosistype = "AUXILIARY";
}
node com_rootnode
{
	states = ("completely inadequate." "good." "excellent." "very good." "slightly inadequate." "not the best, yet, acceptable." "inadequate." );
	position = (200 340);
	excludepolicy = "include whole CPT";
	ismapvariable = "false";
	label = "Communications between Doctor and Patient";
	DSLxEXTRA_DEFINITIONxDIAGNOSIS_TYPE = "AUXILIARY";
	diagnosistype = "AUXILIARY";
}
node com_p_sensitivity
{
	states = ("totally insensitive." "insensitive." "could have been more sensitive." "sensitive." "very sensitive." "exceptionally sensitive." "to sensitive and/or smothering." );
	position = (1090 2000);
	excludepolicy = "include whole CPT";
	ismapvariable = "false";
	label = "Sensitivity the Patient showed";
	DSLxEXTRA_DEFINITIONxDIAGNOSIS_TYPE = "AUXILIARY";
	diagnosistype = "AUXILIARY";
}
node com_p_cultural
{
	states = ("completely unsympathetic. " "unsympathetic. " "slight unsympathetic." "impartial." "slightly sympathetic. " "sympathetic. " "completely sympathetic. " );
	position = (1580 1940);
	excludepolicy = "include whole CPT";
	ismapvariable = "false";
	label = "Cultural sensitivity showed by the Patient";
	DSLxEXTRA_DEFINITIONxDIAGNOSIS_TYPE = "AUXILIARY";
	diagnosistype = "AUXILIARY";
}
node com_p_content
{
	states = ("completely inadequate." "inadequate." "slightly inadequate." "not the best, yet, acceptable." "good." "very good." "excellent." );
	position = (560 1440);
	excludepolicy = "include whole CPT";
	ismapvariable = "false";
	label = "Content of communications made by the Patient";
	DSLxEXTRA_DEFINITIONxDIAGNOSIS_TYPE = "AUXILIARY";
	diagnosistype = "AUXILIARY";
}
node com_p_expectations
{
	states = ("completely unfulfilled." "unfulfilled." "partially unfulfilled." "neither fulfilled nor unfulfilled." "partially fulfilled." "fulfilled." "completely fulfilled." );
	position = (570 990);
	excludepolicy = "include whole CPT";
	ismapvariable = "false";
	label = "Expectations held by the Patient";
	DSLxEXTRA_DEFINITIONxDIAGNOSIS_TYPE = "AUXILIARY";
	diagnosistype = "AUXILIARY";
}
node com_p_validity
{
	states = ("completely inadequate." "inadequate." "slightly inadequate." "not the best, yet, acceptable." "good." "very good." "excellent." );
	position = (1080 1540);
	excludepolicy = "include whole CPT";
	ismapvariable = "false";
	label = "Validity of information provided by the Patient";
	DSLxEXTRA_DEFINITIONxDIAGNOSIS_TYPE = "AUXILIARY";
	diagnosistype = "AUXILIARY";
}
node com_d_cultural
{
	states = ("completely unsympathetic. " "unsympathetic. " "slight unsympathetic." "impartial." "slightly sympathetic. " "sympathetic. " "completely sympathetic. " );
	position = (1550 680);
	excludepolicy = "include whole CPT";
	ismapvariable = "false";
	label = "Cultural sensitivity showed by the Doctor";
	DSLxEXTRA_DEFINITIONxDIAGNOSIS_TYPE = "AUXILIARY";
	diagnosistype = "AUXILIARY";
}
node com_d_sensitivity
{
	states = ("totally insensitive." "insensitive." "could have been more sensitive." "sensitive." "very sensitive." "exceptionally sensitive." "to sensitive and/or smothering." );
	position = (1090 830);
	excludepolicy = "include whole CPT";
	ismapvariable = "false";
	label = "Sensitivity the Doctor showed";
	DSLxEXTRA_DEFINITIONxDIAGNOSIS_TYPE = "AUXILIARY";
	diagnosistype = "AUXILIARY";
}
node com_d_courteousy
{
	states = ("completely inadequate." "inadequate." "slightly inadequate." "not the best, yet, acceptable." "good." "very good." "excellent." );
	position = (1090 650);
	excludepolicy = "include whole CPT";
	ismapvariable = "false";
	label = "Doctor's courtesy and respect";
	DSLxEXTRA_DEFINITIONxDIAGNOSIS_TYPE = "AUXILIARY";
	diagnosistype = "AUXILIARY";
}
node com_p_courteousy
{
	states = ("completely inadequate." "inadequate." "slightly inadequate." "not the best, yet, acceptable." "good." "very good." "quite excellent." );
	position = (1090 1860);
	excludepolicy = "include whole CPT";
	ismapvariable = "false";
	label = "Patient's courtesy and respect";
	DSLxEXTRA_DEFINITIONxDIAGNOSIS_TYPE = "AUXILIARY";
	diagnosistype = "AUXILIARY";
}
node com_d_quantity
{
	states = ("too much to take in." "too little to draw any conclusions from." "too little to act on." "sufficient to act on." "more than sufficient to act on." );
	position = (1090 20);
	excludepolicy = "include whole CPT";
	ismapvariable = "false";
	label = "Amount of information provided by the Doctor";
	DSLxEXTRA_DEFINITIONxDIAGNOSIS_TYPE = "AUXILIARY";
	diagnosistype = "AUXILIARY";
}
node com_d_clarity
{
	states = ("extremely difficult." "difficult." "slightly difficult." "neither difficult nor easy." "slightly easy," "easy." "extremely easy." );
	position = (1090 990);
	excludepolicy = "include whole CPT";
	ismapvariable = "false";
	label = "Clarity of Doctors communications";
	DSLxEXTRA_DEFINITIONxDIAGNOSIS_TYPE = "AUXILIARY";
	diagnosistype = "AUXILIARY";
}
node com_p_clarity
{
	states = ("extremely difficult." "difficult." "slightly difficult." "neither difficult nor easy." "slightly easy." "easy." "extremely easy." );
	position = (1080 2160);
	excludepolicy = "include whole CPT";
	ismapvariable = "false";
	label = "Clarity of Patients communications";
	DSLxEXTRA_DEFINITIONxDIAGNOSIS_TYPE = "AUXILIARY";
	diagnosistype = "AUXILIARY";
}
node com_d_situation
{
	states = ("completely unsympathetic. " "unsympathetic. " "slight unsympathetic." "impartial." "slightly sympathetic. " "sympathetic. " "completely sympathetic.  " );
	position = (1560 830);
	excludepolicy = "include whole CPT";
	ismapvariable = "false";
	label = "Situational sensitivity showed by the Doctor";
	DSLxEXTRA_DEFINITIONxDIAGNOSIS_TYPE = "AUXILIARY";
	diagnosistype = "AUXILIARY";
}
node com_d_feelings
{
	states = ("completely unsympathetic. " "unsympathetic. " "slight unsympathetic." "impartial." "slightly sympathetic. " "sympathetic. " "completely sympathetic. " );
	position = (1548 1003);
	excludepolicy = "include whole CPT";
	ismapvariable = "false";
	label = "Sensitivity towards feeling showed by the Doctor";
	DSLxEXTRA_DEFINITIONxDIAGNOSIS_TYPE = "AUXILIARY";
	diagnosistype = "AUXILIARY";
}
node com_d_detail
{
	states = ("completely inadequate." "inadequate." "slightly inadequate." "not the best, yet, acceptable." "good." "very good." "excellent." );
	position = (1090 310);
	excludepolicy = "include whole CPT";
	ismapvariable = "false";
	label = "Level of detail provided by the Doctor";
	DSLxEXTRA_DEFINITIONxDIAGNOSIS_TYPE = "AUXILIARY";
	diagnosistype = "AUXILIARY";
}
node com_p_literacy
{
	states = ("totally insufficient." "insufficient." "partially insufficient." "neither insufficient not sufficient." "mostly sufficient." "sufficient." "more than sufficient." );
	position = (1080 1400);
	excludepolicy = "include whole CPT";
	ismapvariable = "false";
	label = "Patient's understanding of medical terminology";
	DSLxEXTRA_DEFINITIONxDIAGNOSIS_TYPE = "AUXILIARY";
	diagnosistype = "AUXILIARY";
}
node com_d_expectations
{
	states = ("completely unfulfilled." "unfulfilled." "partially unfulfilled." "neither fulfilled nor unfulfilled." "partially fulfilled." "fulfilled." "completely fulfilled." );
	position = (560 1230);
	excludepolicy = "include whole CPT";
	ismapvariable = "false";
	label = "Expectations held by the Doctor";
	DSLxEXTRA_DEFINITIONxDIAGNOSIS_TYPE = "AUXILIARY";
	diagnosistype = "AUXILIARY";
}
node com_p_quantity
{
	states = ("to much to take in." "too little to draw any conclusions from." "too little to act on." "sufficient to act on." "more than sufficient to act on." );
	position = (1080 1250);
	excludepolicy = "include whole CPT";
	ismapvariable = "false";
	label = "Amount of information provided by the Patient";
	DSLxEXTRA_DEFINITIONxDIAGNOSIS_TYPE = "AUXILIARY";
	diagnosistype = "AUXILIARY";
}
potential ( com_d_content | com_rootnode )
{
	data = ((	0.0024295432458697765	0.012147716229348883	0.024295432458697766	0.04859086491739553	0.16326530612244897	0.24975704567541301	0.499514091350826	)
		(	0.009965122072745391	0.029895366218236172	0.04484304932735426	0.07972097658196313	0.1245640259093174	0.2670652715495765	0.44394618834080724	)
		(	0.018401123357625875	0.044162696058302114	0.062563819415928	0.10672651547423011	0.13859984416892832	0.21568103528437685	0.4138649662406088	)
		(	0.09655224151791121	0.11554570888103356	0.15806986825828573	0.25966436268553905	0.15806986825828573	0.11554570888103356	0.09655224151791121	)
		(	0.11386496624060871	0.21568103528437682	0.43859984416892833	0.10672651547423011	0.062563819415928	0.04416269605830212	0.01840112335762588	)
		(	0.3312889559857293	0.4295646819279195	0.15195216017130456	0.0686169008089595	0.009835041762046085	0.006556694508030723	0.0021855648360102407	)
		(	0.7471770239503354	0.16172395389148975	0.07795647481562047	0.011680946831297985	0.001460118353912248	1.4601183539122481E-6	2.203899027684983E-8	));
}
potential ( com_p_feelings | com_p_sensitivity )
{
	data = ((	0.2523809523809524	0.2857142857142857	0.21428571428571422	0.12857142857142856	0.0761904761904762	0.0380952380952381	0.004761904761904762	)
		(	0.13810923995366658	0.20048115477145148	0.2827229795954736	0.18711574445335472	0.12919896640826875	0.04900650449968814	0.013365410318096765	)
		(	0.00966183574879227	0.10628019323671498	0.25120772946859904	0.2898550724637681	0.24154589371980675	0.0966183574879227	0.004830917874396135	)
		(	0.013365410318096765	0.04900650449968814	0.12919896640826875	0.18711574445335472	0.2827229795954736	0.20048115477145148	0.13810923995366658	)
		(	0.004761904761904762	0.0380952380952381	0.0761904761904762	0.12857142857142856	0.21428571428571427	0.2857142857142857	0.2523809523809524	)
		(	0.0049504950495049506	0.0297029702970297	0.08415841584158416	0.13861386138613863	0.19801980198019803	0.24752475247524752	0.297029702970297	)
		(	0.008593532098707573	0.02193327197553134	0.05864724668865047	0.09444039985989129	0.17187064197415144	0.30077362345476505	0.3437412839483029	));
}
potential ( com_p_detail | com_p_content )
{
	data = ((	0.36363636363636365	0.23636363636363636	0.16363636363636364	0.10909090909090909	0.07272727272727272	0.03636363636363636	0.01818181818181818	)
		(	0.21311475409836064	0.32786885245901637	0.18032786885245902	0.13114754098360656	0.08196721311475409	0.04918032786885246	0.01639344262295082	)
		(	0.125	0.1875	0.3125	0.171875	0.109375	0.0625	0.03125	)
		(	0.015625	0.109375	0.21875	0.3125	0.21875	0.109375	0.015625	)
		(	0.03125	0.0625	0.109375	0.171875	0.3125	0.1875	0.125	)
		(	0.01639344262295082	0.04918032786885246	0.08196721311475409	0.13114754098360656	0.18032786885245902	0.32786885245901637	0.21311475409836064	)
		(	0.01818181818181818	0.03636363636363636	0.07272727272727272	0.10909090909090909	0.16363636363636364	0.23636363636363636	0.36363636363636365	));
}
potential ( com_d_literacy | com_d_content )
{
	data = ((	0.44484725708854916	0.23048974000704575	0.15123958992695935	0.11090903261310352	0.06049583597078374	0.0020165278656927915	2.0165278656927915E-6	)
		(	0.3702096015495296	0.3029364969562811	0.16333087376252844	0.1056846830228125	0.048038492283096604	0.00960769845661932	1.921539691323864E-4	)
		(	0.2510487177977907	0.3126663658184054	0.19794245949993786	0.13239154747189358	0.07848215511997961	0.026160718373326536	0.0013080359186663267	)
		(	0.0033112582781456954	0.06622516556291393	0.23178807947019867	0.3973509933774834	0.23178807947019867	0.06622516556291393	0.0033112582781456954	)
		(	0.08949328376698802	0.10210314639866133	0.11620743666585757	0.17431115499878638	0.20799848039408655	0.16462720194329825	0.14525929583232194	)
		(	0.11482278104246828	0.11772881786664395	0.12839385640626513	0.14445627298108327	0.15088653648109868	0.1753404604497969	0.16837127477264385	)
		(	0.11744568724343864	0.1325395331397711	0.13448097173297233	0.14757838385313157	0.14918692200146852	0.15235683020287058	0.16641167182634722	));
}
potential ( com_d_validity | com_d_content )
{
	data = ((	0.44971505196111294	0.3493127723768019	0.1054307743881998	0.05866577271203485	0.025142474019443507	0.010056989607777405	0.001676164934629567	)
		(	0.30141357781419187	0.3971676588330464	0.175237324815222	0.07778307855053827	0.034570257133572556	0.012099589996750393	0.0017285128566786282	)
		(	0.17544879996898144	0.3099143111938273	0.3401574192547788	0.10662634252258538	0.05040518010158582	0.015509286185103329	0.0019386607731379161	)
		(	0.046066901076398714	0.1010386776057875	0.21891713481253958	0.2679545730105485	0.21891713481253958	0.1010386776057875	0.046066901076398714	)
		(	0.08766327661830627	0.10842531450330167	0.12309008531353931	0.16568660529233142	0.21388634501373693	0.19581144261820987	0.10543693064057455	)
		(	0.08614229525117749	0.09464791969131829	0.10358796447136692	0.12218072059908303	0.17648326308756435	0.22689893818980522	0.19005889870968468	)
		(	0.009662307241850479	0.08598477454616436	0.09824972346932137	0.11386557355716052	0.17893161558982368	0.24399765762248685	0.2693083479731928	));
}
potential ( com_d_delivery | com_rootnode )
{
	data = ((	0.003509510774198077	0.021057064645188462	0.049133150838773065	0.08773776935495191	0.16943918017828313	0.2541587702674247	0.4149645539411806	)
		(	0.00848919495266425	0.033956779810657	0.06366896214498187	0.09735408771715362	0.152262200670986	0.2754845632478981	0.36878421145565926	)
		(	0.029526117622604247	0.05019439995842723	0.08562574110555232	0.12400969401493785	0.17715670573562547	0.22458746108457694	0.3088998804782758	)
		(	0.07915831663326653	0.12324649298597194	0.16733466933867733	0.22044088176352705	0.18537074148296592	0.13627254509018036	0.08817635270541081	)
		(	0.37931343272567336	0.20833716241611963	0.1439301537436229	0.11503682190625034	0.07943018655431572	0.04656252315252991	0.02738971950148817	)
		(	0.4292169185030783	0.25203914055282434	0.1338170101203875	0.08848222808270632	0.05786682164460215	0.03086230487712115	0.0077155762192802875	)
		(	0.46749772431288306	0.2563403193707913	0.12399271661569473	0.08270067375034287	0.04631237730019201	0.019848161700082294	0.0033080269500137165	));
}
potential ( com_p_delivery | com_rootnode )
{
	data = ((	0.11773873231506182	0.13731761615633803	0.15321292889637425	0.15624792160056475	0.15580514104656282	0.14513367868149374	0.13454398130360462	)
		(	0.12766213389452497	0.1471742216255299	0.15575460512703684	0.1601360562444443	0.14627455199695075	0.13990160137550875	0.12309682973600455	)
		(	0.13875118089602712	0.15060239477929566	0.19170753123573228	0.17116792499272596	0.13867014995672372	0.11634967276815242	0.0927511453713429	)
		(	0.10283586364938413	0.11744485820681753	0.15945765301250833	0.21006397402845411	0.17664470543301822	0.12985772939940798	0.10369521627040963	)
		(	0.10639075814945238	0.11801314178462663	0.12798905418289921	0.1385788422336825	0.21765387763480393	0.17176262473954243	0.11961170127499308	)
		(	0.10609166399163214	0.1076294002751846	0.11739867876938158	0.12766611244644882	0.1492453223066836	0.17486483935618216	0.2171039828544871	)
		(	0.09873211347630871	0.102514673989711	0.11337629786164861	0.1283110306855629	0.1422055549964879	0.19852997518928447	0.21633035380099652	));
}
potential ( com_rootnode | )
{
	data = (	0.08880304121288758	0.13320456181933132	0.2210787232211321	0.17760608242577516	0.2015829035532548	0.10492518006326258	0.0727995077043565	);
}
potential ( com_p_sensitivity | com_p_delivery )
{
	data = ((	0.19230769230769232	0.3021978021978022	0.2032967032967033	0.0989010989010989	0.04945054945054945	0.005494505494505495	0.14835164835164835	)
		(	0.0546448087431694	0.2185792349726776	0.30054644808743175	0.1639344262295082	0.0546448087431694	0.005464480874316941	0.20218579234972678	)
		(	0.005291005291005291	0.15873015873015872	0.26455026455026454	0.2222222222222222	0.10582010582010581	0.005291005291005291	0.23809523809523808	)
		(	0.08589294303580017	0.15031265031265031	0.21473235758950043	0.19325912183055038	0.12969834398405827	0.08589294303580017	0.1402116402116402	)
		(	0.005291005291005291	0.10582010582010581	0.2222222222222222	0.26455026455026454	0.15873015873015872	0.005291005291005291	0.23809523809523808	)
		(	0.005464480874316941	0.0546448087431694	0.1639344262295082	0.30054644808743175	0.2185792349726776	0.0546448087431694	0.20218579234972678	)
		(	0.005494505494505495	0.04945054945054945	0.0989010989010989	0.2032967032967033	0.3021978021978022	0.19230769230769232	0.14835164835164835	));
}
potential ( com_p_cultural | com_p_sensitivity )
{
	data = ((	0.297029702970297	0.25742574257425743	0.23267326732673269	0.13861386138613863	0.054455445544554455	0.01485148514851485	0.0049504950495049506	)
		(	0.259693655920071	0.28330217009462294	0.22664173607569835	0.14165108504731147	0.06610383968874535	0.018886811339641527	0.003720701833909381	)
		(	0.21428571428571427	0.24553571428571427	0.26785714285714285	0.17857142857142858	0.06696428571428571	0.022321428571428572	0.004464285714285714	)
		(	0.004464285714285714	0.022321428571428572	0.06696428571428571	0.17857142857142858	0.26785714285714285	0.24553571428571427	0.21428571428571427	)
		(	0.003720701833909381	0.018886811339641527	0.06610383968874535	0.14165108504731147	0.22664173607569835	0.28330217009462294	0.259693655920071	)
		(	0.0049504950495049506	0.01485148514851485	0.054455445544554455	0.13861386138613863	0.23267326732673269	0.25742574257425743	0.297029702970297	)
		(	0.00851063829787234	0.025531914893617023	0.059574468085106386	0.11063829787234043	0.17872340425531916	0.29787234042553196	0.3191489361702128	));
}
potential ( com_p_content | com_rootnode )
{
	data = ((	0.12951255126133962	0.13766776438424258	0.15533739281719897	0.16582266683235986	0.14601714924816708	0.1358270162793588	0.12981545917733317	)
		(	0.136296390544022	0.14974792847508386	0.15442741185632106	0.16619849568459208	0.14091082388047255	0.13126791249232186	0.12115103706718654	)
		(	0.1745465406863387	0.16391453031989003	0.1535128062872976	0.14278119300904957	0.12777694030857673	0.11981948724646993	0.11764850214237738	)
		(	0.11359746434418372	0.12736984104352322	0.16936977634049946	0.17932583654358705	0.16936977634049946	0.12736984104352322	0.11359746434418372	)
		(	0.10167517250229507	0.1168408964525565	0.13161834628128816	0.15629678620902968	0.18097522613677122	0.16452293285161018	0.14807063956644917	)
		(	0.08823529411764708	0.09803921568627451	0.10784313725490197	0.12745098039215688	0.15686274509803924	0.21568627450980393	0.2058823529411765	)
		(	0.08631249322583451	0.1077248480040028	0.11555797525829477	0.12523654553119326	0.1501139600989206	0.19477195307903603	0.220282224802718	));
}
potential ( com_p_expectations | com_rootnode )
{
	data = ((	0.0013445841311450408	0.013445841311450409	0.04306803751265346	0.12235232370038977	0.17227215005061383	0.2946796056454128	0.35283745764833463	)
		(	0.001155807870620601	0.012358368155613492	0.06331791254889775	0.129093539479866	0.24738970332320181	0.28448338451180427	0.26220128410999616	)
		(	0.016824640620292465	0.03364928124058493	0.06729856248116986	0.13459712496233972	0.25236960930438695	0.2654983003613448	0.2297624810298812	)
		(	0.10930753675465925	0.13428265272829956	0.15273939592680372	0.17544290254570627	0.1633720381383933	0.14491529493988917	0.11994017896624881	)
		(	0.28571428571428575	0.3174603174603175	0.19841269841269843	0.10582010582010581	0.05291005291005291	0.026455026455026454	0.013227513227513227	)
		(	0.34894159750078846	0.2484764379926661	0.12796145589588032	0.10687719861033801	0.09096643646279894	0.06398072794794013	0.012796145589588026	)
		(	0.4212487641645752	0.30420564301467795	0.15210282150733898	0.07605141075366949	0.038025705376834744	0.007605141075366946	7.605141075366948E-4	));
}
potential ( com_p_validity | com_p_content )
{
	data = ((	0.3484320557491289	0.26132404181184665	0.19163763066202083	0.12195121951219508	0.05226480836236932	0.020905923344947733	0.003484320557491288	)
		(	0.2213312760064249	0.342329922723766	0.20552189914882313	0.14228439171841603	0.06323750743040711	0.02213312760064249	0.0031618753715203563	)
		(	0.1206896551724138	0.22413793103448276	0.3448275862068966	0.1896551724137931	0.0896551724137931	0.027586206896551724	0.0034482758620689655	)
		(	0.003424657534246575	0.10273972602739725	0.2226027397260274	0.3424657534246575	0.2226027397260274	0.10273972602739725	0.003424657534246575	)
		(	0.0034482758620689655	0.027586206896551724	0.0896551724137931	0.1896551724137931	0.3448275862068966	0.22413793103448276	0.1206896551724138	)
		(	0.0031618753715203563	0.02213312760064249	0.06323750743040711	0.14228439171841603	0.20552189914882313	0.342329922723766	0.2213312760064249	)
		(	0.003484320557491289	0.020905923344947737	0.05226480836236934	0.12195121951219512	0.1916376306620209	0.2613240418118467	0.34843205574912894	));
}
potential ( com_d_cultural | com_d_sensitivity )
{
	data = ((	0.297029702970297	0.25742574257425743	0.23267326732673269	0.13861386138613863	0.054455445544554455	0.01485148514851485	0.0049504950495049506	)
		(	0.259693655920071	0.28330217009462294	0.22664173607569835	0.14165108504731147	0.06610383968874535	0.018886811339641527	0.003720701833909381	)
		(	0.21428571428571427	0.24553571428571427	0.26785714285714285	0.17857142857142858	0.06696428571428571	0.022321428571428572	0.004464285714285714	)
		(	0.004464285714285714	0.022321428571428572	0.06696428571428571	0.17857142857142858	0.26785714285714285	0.24553571428571427	0.21428571428571427	)
		(	0.003720701833909381	0.018886811339641527	0.06610383968874535	0.14165108504731147	0.22664173607569835	0.28330217009462294	0.259693655920071	)
		(	0.0049504950495049506	0.01485148514851485	0.054455445544554455	0.13861386138613863	0.23267326732673269	0.25742574257425743	0.297029702970297	)
		(	0.00851063829787234	0.025531914893617023	0.059574468085106386	0.11063829787234043	0.17872340425531916	0.29787234042553196	0.3191489361702128	));
}
potential ( com_d_sensitivity | com_d_delivery )
{
	data = ((	0.19230769230769232	0.3021978021978022	0.2032967032967033	0.0989010989010989	0.04945054945054945	0.005494505494505495	0.14835164835164835	)
		(	0.0546448087431694	0.2185792349726776	0.30054644808743175	0.1639344262295082	0.0546448087431694	0.005464480874316941	0.20218579234972678	)
		(	0.005291005291005291	0.15873015873015872	0.26455026455026454	0.2222222222222222	0.10582010582010581	0.005291005291005291	0.23809523809523808	)
		(	0.08589294303580017	0.15031265031265031	0.21473235758950043	0.19325912183055038	0.12969834398405827	0.08589294303580017	0.1402116402116402	)
		(	0.005291005291005291	0.10582010582010581	0.2222222222222222	0.26455026455026454	0.15873015873015872	0.005291005291005291	0.23809523809523808	)
		(	0.005464480874316941	0.0546448087431694	0.1639344262295082	0.30054644808743175	0.2185792349726776	0.0546448087431694	0.20218579234972678	)
		(	0.005494505494505495	0.04945054945054945	0.0989010989010989	0.2032967032967033	0.3021978021978022	0.19230769230769232	0.14835164835164835	));
}
potential ( com_d_courteousy | com_d_delivery )
{
	data = ((	0.3711683179945435	0.26841704692285673	0.19947162086159947	0.10591636019021439	0.03439165876924127	0.013756663507696516	0.006878331753848258	)
		(	0.2173913043478261	0.3260869565217392	0.24456521739130438	0.13586956521739132	0.05434782608695653	0.01630434782608696	0.005434782608695653	)
		(	0.08333333333333333	0.2222222222222222	0.3333333333333333	0.25	0.08333333333333333	0.022222222222222223	0.005555555555555556	)
		(	0.005813953488372093	0.0872093023255814	0.23255813953488372	0.3488372093023256	0.23255813953488372	0.0872093023255814	0.005813953488372093	)
		(	0.005555555555555556	0.022222222222222223	0.08333333333333333	0.25	0.3333333333333333	0.2222222222222222	0.08333333333333333	)
		(	0.005434782608695652	0.016304347826086956	0.05434782608695652	0.1358695652173913	0.24456521739130435	0.32608695652173914	0.21739130434782608	)
		(	0.006878331753848257	0.013756663507696514	0.03439165876924128	0.10591636019021439	0.19947162086159942	0.26841704692285673	0.3711683179945435	));
}
potential ( com_p_courteousy | com_p_delivery )
{
	data = ((	0.3711683179945435	0.26841704692285673	0.19947162086159947	0.10591636019021439	0.03439165876924127	0.013756663507696516	0.006878331753848258	)
		(	0.2173913043478261	0.3260869565217392	0.24456521739130438	0.13586956521739132	0.05434782608695653	0.01630434782608696	0.005434782608695653	)
		(	0.08333333333333333	0.2222222222222222	0.3333333333333333	0.25	0.08333333333333333	0.022222222222222223	0.005555555555555556	)
		(	0.005813953488372093	0.0872093023255814	0.23255813953488372	0.3488372093023256	0.23255813953488372	0.0872093023255814	0.005813953488372093	)
		(	0.005555555555555556	0.022222222222222223	0.08333333333333333	0.25	0.3333333333333333	0.2222222222222222	0.08333333333333333	)
		(	0.005434782608695652	0.016304347826086956	0.05434782608695652	0.1358695652173913	0.24456521739130435	0.32608695652173914	0.21739130434782608	)
		(	0.006878331753848257	0.013756663507696514	0.03439165876924128	0.10591636019021439	0.19947162086159942	0.26841704692285673	0.3711683179945435	));
}
potential ( com_d_quantity | com_d_content )
{
	data = ((	0.18612269207861823	0.3257147111375819	0.25591870160810004	0.13959201905896365	0.09265187611673616	)
		(	0.1505214493065262	0.25803677023975913	0.3010428986130524	0.17202451349317277	0.11837436834748953	)
		(	0.13598658265717783	0.2402429626943475	0.29463759575721865	0.21304564616291194	0.11608721272834414	)
		(	0.1644736842105263	0.13157894736842105	0.26973684210526316	0.3026315789473684	0.13157894736842105	)
		(	0.10941486191152841	0.12288527651478734	0.24257068442650168	0.2720001856336676	0.25312899151351487	)
		(	0.08286323161755381	0.16092348934591158	0.23112888954529495	0.2766208332300476	0.24846355626119207	)
		(	0.06304020299738324	0.1252874474664975	0.23788755848069146	0.26770279914360473	0.306081991911823	));
}
potential ( com_d_clarity | com_d_delivery )
{
	data = ((	0.45871559633027514	0.29816513761467883	0.13761467889908255	0.05504587155963302	0.03211009174311926	0.013761467889908254	0.004587155963302752	)
		(	0.4285714285714286	0.28571428571428575	0.14285714285714288	0.07142857142857144	0.04761904761904762	0.019047619047619053	0.004761904761904763	)
		(	0.2611940298507463	0.2985074626865672	0.24253731343283585	0.1119402985074627	0.04477611940298508	0.02985074626865672	0.01119402985074627	)
		(	0.040225261464199524	0.143776577404896	0.2011263073209976	0.25859096655556835	0.2011263073209976	0.11492931846914149	0.040225261464199524	)
		(	0.011194029850746268	0.029850746268656716	0.04477611940298507	0.11194029850746269	0.24253731343283583	0.29850746268656714	0.26119402985074625	)
		(	0.004761904761904762	0.01904761904761905	0.047619047619047616	0.07142857142857142	0.14285714285714285	0.2857142857142857	0.42857142857142855	)
		(	0.0045871559633027525	0.013761467889908258	0.03211009174311927	0.05504587155963303	0.13761467889908258	0.2981651376146789	0.45871559633027525	));
}
potential ( com_p_clarity | com_p_delivery )
{
	data = ((	0.45871559633027514	0.29816513761467883	0.13761467889908255	0.05504587155963302	0.03211009174311926	0.013761467889908254	0.004587155963302752	)
		(	0.4285714285714286	0.28571428571428575	0.14285714285714288	0.07142857142857144	0.04761904761904762	0.019047619047619053	0.004761904761904763	)
		(	0.2611940298507463	0.2985074626865672	0.24253731343283585	0.1119402985074627	0.04477611940298508	0.02985074626865672	0.01119402985074627	)
		(	0.040225261464199524	0.143776577404896	0.2011263073209976	0.25859096655556835	0.2011263073209976	0.11492931846914149	0.040225261464199524	)
		(	0.011194029850746268	0.029850746268656716	0.04477611940298507	0.11194029850746269	0.24253731343283583	0.29850746268656714	0.26119402985074625	)
		(	0.004761904761904762	0.01904761904761905	0.047619047619047616	0.07142857142857142	0.14285714285714285	0.2857142857142857	0.42857142857142855	)
		(	0.0045871559633027525	0.013761467889908258	0.03211009174311927	0.05504587155963303	0.13761467889908258	0.2981651376146789	0.45871559633027525	));
}
potential ( com_d_situation | com_d_sensitivity )
{
	data = ((	0.30701754385964913	0.2631578947368421	0.21052631578947367	0.14473684210526316	0.05701754385964912	0.013157894736842105	0.0043859649122807015	)
		(	0.2311111111111111	0.28888888888888886	0.2222222222222222	0.16	0.07111111111111111	0.022222222222222223	0.0044444444444444444	)
		(	0.16336633663366337	0.2079207920792079	0.2722772277227723	0.19801980198019803	0.10891089108910891	0.04455445544554455	0.0049504950495049506	)
		(	0.0049504950495049506	0.04455445544554455	0.10891089108910891	0.19801980198019803	0.2722772277227723	0.2079207920792079	0.16336633663366337	)
		(	0.0044444444444444444	0.022222222222222223	0.07111111111111111	0.16	0.2222222222222222	0.28888888888888886	0.2311111111111111	)
		(	0.0043859649122807015	0.013157894736842105	0.05701754385964912	0.14473684210526316	0.21052631578947367	0.2631578947368421	0.30701754385964913	)
		(	1.3617484850548105E-4	0.0012482694446335763	0.01134790404212342	0.1134790404212342	0.21561017680034497	0.31774131317945575	0.34043712126370257	));
}
potential ( com_d_feelings | com_d_sensitivity )
{
	data = ((	0.2523809523809524	0.2857142857142857	0.21428571428571422	0.12857142857142856	0.0761904761904762	0.0380952380952381	0.004761904761904762	)
		(	0.13810923995366658	0.20048115477145148	0.2827229795954736	0.18711574445335472	0.12919896640826875	0.04900650449968814	0.013365410318096765	)
		(	0.00966183574879227	0.10628019323671498	0.25120772946859904	0.2898550724637681	0.24154589371980675	0.0966183574879227	0.004830917874396135	)
		(	0.013365410318096765	0.04900650449968814	0.12919896640826875	0.18711574445335472	0.2827229795954736	0.20048115477145148	0.13810923995366658	)
		(	0.004761904761904762	0.0380952380952381	0.0761904761904762	0.12857142857142856	0.21428571428571427	0.2857142857142857	0.2523809523809524	)
		(	0.0049504950495049506	0.0297029702970297	0.08415841584158416	0.13861386138613863	0.19801980198019803	0.24752475247524752	0.297029702970297	)
		(	0.008593532098707573	0.02193327197553134	0.05864724668865047	0.09444039985989129	0.17187064197415144	0.30077362345476505	0.3437412839483029	));
}
potential ( com_d_detail | com_d_content )
{
	data = ((	0.5625742305473549	0.22057076928297534	0.1527028402728291	0.057009060368522865	0.006786792901014625	3.393396450507312E-4	1.6966982252536564E-5	)
		(	0.145181776335869	0.5220384385508854	0.15232731206548636	0.11078349968399008	0.06923968730249379	4.154381238149628E-4	1.384793746049876E-5	)
		(	0.10341328309841782	0.1681972617485787	0.4197474798443614	0.1541808232695305	0.09811506935333758	0.05606575391619291	2.8032876958096454E-4	)
		(	0.015625	0.109375	0.21875	0.3125	0.21875	0.109375	0.015625	)
		(	0.10240789091964025	0.11198143313025818	0.13867130838410213	0.15955903684363215	0.19727299100667245	0.1740644038294169	0.11604293588627791	)
		(	0.08257102844062324	0.10494940198043436	0.11538215541108333	0.13726879558116487	0.16248324022305108	0.20531973082731	0.19202564753633308	)
		(	0.08488821650697596	0.09581442259203228	0.10237014624306608	0.11934778954446126	0.15128593040847202	0.21852412170112626	0.22776937300386624	));
}
potential ( com_p_literacy | com_p_content )
{
	data = ((	0.28489947322087406	0.2564095258987866	0.2136746049156555	0.1566947102714807	0.08546984196626221	0.0028489947322087403	2.8489947322087404E-6	)
		(	0.2450139657960504	0.29190963884941445	0.23140207880738095	0.1497307568753641	0.06805943494334733	0.013611886988669468	2.7223773977338935E-4	)
		(	0.1626651050816579	0.1843537857592123	0.28210466957294994	0.1951981260979895	0.13013208406532634	0.04337736135510878	0.002168868067755439	)
		(	0.0033112582781456954	0.06622516556291393	0.23178807947019867	0.3973509933774834	0.23178807947019867	0.06622516556291393	0.0033112582781456954	)
		(	0.0021688680677554384	0.04337736135510877	0.1301320840653263	0.19519812609798948	0.2821046695729499	0.18435378575921227	0.16266510508165788	)
		(	2.722377397733893E-4	0.013611886988669464	0.06805943494334732	0.14973075687536408	0.2314020788073809	0.2919096388494144	0.24501396579605034	)
		(	2.8489947322087404E-6	0.0028489947322087403	0.08546984196626221	0.1566947102714807	0.2136746049156555	0.2564095258987866	0.28489947322087406	));
}
potential ( com_d_expectations | com_rootnode )
{
	data = ((	0.04854368932038835	0.07766990291262135	0.11650485436893203	0.14563106796116504	0.17475728155339806	0.1941747572815534	0.24271844660194172	)
		(	0.05714285714285714	0.08571428571428572	0.12380952380952381	0.1619047619047619	0.18095238095238095	0.19047619047619047	0.2	)
		(	0.10602910602910605	0.10395010395010397	0.12474012474012475	0.13513513513513517	0.15592515592515593	0.17671517671517672	0.19750519750519752	)
		(	0.10598323537913096	0.1405080772071812	0.16860969264861744	0.169797989530141	0.16860969264861744	0.1405080772071812	0.10598323537913096	)
		(	0.19750519750519752	0.17671517671517672	0.15592515592515593	0.13513513513513514	0.12474012474012473	0.10395010395010396	0.10602910602910603	)
		(	0.2	0.19047619047619047	0.18095238095238095	0.1619047619047619	0.12380952380952381	0.08571428571428572	0.05714285714285714	)
		(	0.24271844660194178	0.19417475728155345	0.1747572815533981	0.14563106796116507	0.11650485436893206	0.07766990291262137	0.04854368932038836	));
}
potential ( com_p_quantity | com_p_content )
{
	data = ((	0.20408163265306123	0.35714285714285715	0.28061224489795916	0.15306122448979592	0.00510204081632653	)
		(	0.16279069767441862	0.27906976744186046	0.32558139534883723	0.18604651162790697	0.046511627906976744	)
		(	0.14150943396226415	0.25	0.30660377358490565	0.22169811320754718	0.08018867924528301	)
		(	0.13157894736842107	0.10526315789473684	0.31578947368421056	0.3421052631578948	0.10526315789473684	)
		(	0.07614213197969544	0.08629441624365482	0.23857868020304568	0.3299492385786802	0.26903553299492383	)
		(	0.02702702702702703	0.05405405405405406	0.21621621621621623	0.3783783783783784	0.32432432432432434	)
		(	0.006369426751592357	0.006369426751592357	0.1910828025477707	0.3503184713375796	0.445859872611465	));
}
