net
{
	huginenginegenerator3061656038650325130L = "edu.ucla.belief.inference.JoinTreeSettings@5a2ee4e8";
}

node Super_YourValue
{
	states = ("less the 5,000" "between 5,000 and 50,000" "between 50,001 and 100,000" "between 100,000, and 250,000" "between 250,001 and 500,000" "between 500,001 and 750,000" "between 750,001 and 1,000,000" "more than 1,000,000" );
	position = (1690 3540);
	excludepolicy = "include whole CPT";
	ismapvariable = "false";
	label = "Value of your Super";
	DSLxEXTRA_DEFINITIONxDIAGNOSIS_TYPE = "AUXILIARY";
	diagnosistype = "AUXILIARY";
}
node Salary_YourWork
{
	states = ("Full tine" "Part time" "Studied" "Did not work" );
	position = (1690 2700);
	excludepolicy = "include whole CPT";
	ismapvariable = "false";
	label = "Your work situation";
	DSLxEXTRA_DEFINITIONxDIAGNOSIS_TYPE = "AUXILIARY";
	diagnosistype = "AUXILIARY";
}
node Needs_YourAge
{
	states = ("younger than 21" "between 21 and 30" "between 31 and 40" "between 41 and 50" "between 51 and 60" "between 61 and 75" "older than 75" );
	position = (790 510);
	excludepolicy = "include whole CPT";
	ismapvariable = "false";
	label = "Your Age";
	DSLxEXTRA_DEFINITIONxDIAGNOSIS_TYPE = "AUXILIARY";
	diagnosistype = "AUXILIARY";
}
node HouseHoldDuties_CookingCleaning
{
	states = ("Much More" "More" "Same" "Less" "Much Less" );
	position = (1690 4080);
	excludepolicy = "include whole CPT";
	ismapvariable = "false";
	label = "Cooking and Cleaning";
	DSLxEXTRA_DEFINITIONxDIAGNOSIS_TYPE = "AUXILIARY";
	diagnosistype = "AUXILIARY";
}
node Needs_super
{
	states = ("Much better" "Better" "Same" "Worse" "Much worse" );
	position = (800 1800);
	excludepolicy = "include whole CPT";
	ismapvariable = "false";
	label = "Supperannuation entitlements";
	DSLxEXTRA_DEFINITIONxDIAGNOSIS_TYPE = "AUXILIARY";
	diagnosistype = "AUXILIARY";
}
node Negative_Abuse
{
	states = ("Much more" "More" "Same" "Less" "Much less" "NA" );
	position = (940 5270);
	excludepolicy = "include whole CPT";
	ismapvariable = "false";
	label = "Abuse";
	DSLxEXTRA_DEFINITIONxDIAGNOSIS_TYPE = "AUXILIARY";
	diagnosistype = "AUXILIARY";
}
node TheirProspects_Education
{
	states = ("Less than year 10 or equivilant" "Year 10 to 11 or equivilant" "Year 12 or equivilant" "Diploma" "Bachelor" "Post graduate studdies" );
	position = (2050 1200);
	excludepolicy = "include whole CPT";
	ismapvariable = "false";
	label = "Level of Education";
	DSLxEXTRA_DEFINITIONxDIAGNOSIS_TYPE = "AUXILIARY";
	diagnosistype = "AUXILIARY";
}
node Assets_YourPreMarital
{
	states = ("less than $5,000" "$5,001 to $25,000" "$25,001 to $100,000" "$100,001 to $250,000" "$250,001 to $1,000,000" "$1,000,001 to $5,000,000" "$5,000,001 to $10,000,000" "more than $10,000,000" );
	position = (2080 2160);
	excludepolicy = "include whole CPT";
	ismapvariable = "false";
	label = "Your premarital contributions";
	DSLxEXTRA_DEFINITIONxDIAGNOSIS_TYPE = "AUXILIARY";
	diagnosistype = "AUXILIARY";
}
node ChildRearing_TheirTimeWithKids
{
	states = ("less than 5 per week" "5 to 10 per week" "11 to 20 per week" "21 to 30 per week" "more than 30 per week" );
	position = (1660 5200);
	excludepolicy = "include whole CPT";
	ismapvariable = "false";
	label = "Time they spend with your children";
	DSLxEXTRA_DEFINITIONxDIAGNOSIS_TYPE = "AUXILIARY";
	diagnosistype = "AUXILIARY";
}
node Dependent_Access
{
	states = ("Full Access" "6 days a week" "5 days a week" "4 days a week" "3 days a week" "2 days a week" "1 day a week" "No Access" );
	position = (1220 -10);
	excludepolicy = "include whole CPT";
	ismapvariable = "false";
	label = "Access to dependents";
	DSLxEXTRA_DEFINITIONxDIAGNOSIS_TYPE = "AUXILIARY";
	diagnosistype = "AUXILIARY";
}
node Salary_TheirSalary
{
	states = ("Less then 10,000 pre year" "between 10,001 and 25,000 pre year" "between 25,001 and 50,000 pre year" "between 50,001 and 75,000 pre year" "between 75,001 and 100,000 pre year" "between 100,001 and 150,000 pre year" "more than 150,000 pre year" );
	position = (1690 3160);
	excludepolicy = "include whole CPT";
	ismapvariable = "false";
	label = "Their Salary";
	DSLxEXTRA_DEFINITIONxDIAGNOSIS_TYPE = "AUXILIARY";
	diagnosistype = "AUXILIARY";
}
node YourSuper_value
{
	states = ("less than $5000" "between $5001 and $25,000" "between $25,001 and $75,000" "between $75,001 and $150,000" "between $150,001 and $250,000" "between $250,001 and $500,000" "between $500,001 and $1,000,000" "more than $1,000,000" );
	position = (1220 1730);
	excludepolicy = "include whole CPT";
	ismapvariable = "false";
	label = "Value of your super";
	DSLxEXTRA_DEFINITIONxDIAGNOSIS_TYPE = "AUXILIARY";
	diagnosistype = "AUXILIARY";
}
node Waste_Diliberate
{
	states = ("Much more" "More" "Same" "Less" "Much less" );
	position = (1300 5210);
	excludepolicy = "include whole CPT";
	ismapvariable = "false";
	label = "Cause of waste 1";
	DSLxEXTRA_DEFINITIONxDIAGNOSIS_TYPE = "AUXILIARY";
	diagnosistype = "AUXILIARY";
}
node homemaker_child_rearing
{
	states = ("NA - there are children in marriage" "Much More" "More" "Same" "Less" "Much Less" );
	position = (1310 4930);
	excludepolicy = "include whole CPT";
	ismapvariable = "false";
	label = "Child Rearing";
	DSLxEXTRA_DEFINITIONxDIAGNOSIS_TYPE = "AUXILIARY";
	diagnosistype = "AUXILIARY";
}
node Super_TheirPayOut
{
	states = ("now" "in less than 5 years" "in 5 to 10 years" "in 11 to 15 years" "in 16 to 20 years" "in 20 to 30 years" "in more than 30 years" );
	position = (1690 3690);
	excludepolicy = "include whole CPT";
	ismapvariable = "false";
	label = "Relizeing their super";
	DSLxEXTRA_DEFINITIONxDIAGNOSIS_TYPE = "AUXILIARY";
	diagnosistype = "AUXILIARY";
}
node Assets_TheirPreMarital
{
	states = ("less than $5,000" "$5,001 to $25,000" "$25,001 to $100,000" "$100,001 to $250,000" "$250,001 to $1,000,000" "$1,000,001 to $5,000,000" "$5,000,001 to $10,000,000" "more than $10,000,000" );
	position = (2070 2320);
	excludepolicy = "include whole CPT";
	ismapvariable = "false";
	label = "Their premarital contributions";
	DSLxEXTRA_DEFINITIONxDIAGNOSIS_TYPE = "AUXILIARY";
	diagnosistype = "AUXILIARY";
}
node Employment_TheirProspects
{
	states = ("Very high" "High" "Average" "Low" "Very low" );
	position = (1630 1040);
	excludepolicy = "include whole CPT";
	ismapvariable = "false";
	label = "Employment Prospects";
	DSLxEXTRA_DEFINITIONxDIAGNOSIS_TYPE = "AUXILIARY";
	diagnosistype = "AUXILIARY";
}
node Employment_YourFullTimeWork
{
	states = ("Yes" "No" );
	position = (1640 640);
	excludepolicy = "include whole CPT";
	ismapvariable = "false";
	label = "Fulltime work";
	DSLxEXTRA_DEFINITIONxDIAGNOSIS_TYPE = "AUXILIARY";
	diagnosistype = "AUXILIARY";
}
node split
{
	states = ("100 percent" "90 percent" "80 percent" "70 percent" "60 percent" "50 percent" "40 percent" "30 percent" "20 percent" "10 percent" "0 percent" );
	position = (20 460);
	excludepolicy = "include whole CPT";
	ismapvariable = "false";
	label = "Percentage split of assets and liabilities";
	DSLxEXTRA_DEFINITIONxDIAGNOSIS_TYPE = "AUXILIARY";
	diagnosistype = "AUXILIARY";
}
node Waste_YourKnowlageOf
{
	states = ("Yes" "No" );
	position = (1290 5540);
	excludepolicy = "include whole CPT";
	ismapvariable = "false";
	label = "Knowlage of Waste";
	DSLxEXTRA_DEFINITIONxDIAGNOSIS_TYPE = "AUXILIARY";
	diagnosistype = "AUXILIARY";
}
node Dependent_Number
{
	states = ("None" "One" "Two" "Three" "Four" "More than 4" );
	position = (1220 130);
	excludepolicy = "include whole CPT";
	ismapvariable = "false";
	label = "Number of Dependents";
	DSLxEXTRA_DEFINITIONxDIAGNOSIS_TYPE = "AUXILIARY";
	diagnosistype = "AUXILIARY";
}
node Assets_Marital
{
	states = ("Much higher" "Higher" "Same" "Lower" "Much lower" );
	position = (1670 2460);
	excludepolicy = "include whole CPT";
	ismapvariable = "false";
	label = "";
	DSLxEXTRA_DEFINITIONxDIAGNOSIS_TYPE = "AUXILIARY";
	diagnosistype = "AUXILIARY";
}
node Main_Assets
{
	states = ("Much more" "More" "Same" "Less" "Much less" );
	position = (1270 2390);
	excludepolicy = "include whole CPT";
	ismapvariable = "false";
	label = "Contribution to assets";
	DSLxEXTRA_DEFINITIONxDIAGNOSIS_TYPE = "AUXILIARY";
	diagnosistype = "AUXILIARY";
}
node Employment_YourProspects
{
	states = ("Very high" "High" "Average" "Low" "Very low" );
	position = (1650 190);
	excludepolicy = "include whole CPT";
	ismapvariable = "false";
	label = "Employment Prospects";
	DSLxEXTRA_DEFINITIONxDIAGNOSIS_TYPE = "AUXILIARY";
	diagnosistype = "AUXILIARY";
}
node Assets_YourMarital
{
	states = ("less than 50,000 " "50,000 to 100,000 " "100,001 to 500,000" "500,001 to 1,000,000" "1,000,001 to 2,500,000" "2,500,001 to 5,000,000" "5,000,001 to 10,000,000" "more than 10,000,000" );
	position = (2080 2460);
	excludepolicy = "include whole CPT";
	ismapvariable = "false";
	label = "Your marital contributions";
	DSLxEXTRA_DEFINITIONxDIAGNOSIS_TYPE = "AUXILIARY";
	diagnosistype = "AUXILIARY";
}
node Wealth_Debt
{
	states = ("Over 2 million" "Between $1 million and $2 million " "Between $650,000 and $1 million" "Between $250,000 and $650,000" "Between $100,000 and $250,000 " "Less than $100,000" );
	position = (800 2400);
	excludepolicy = "include whole CPT";
	ismapvariable = "false";
	label = "Value of Debt and other Liabilities";
	DSLxEXTRA_DEFINITIONxDIAGNOSIS_TYPE = "AUXILIARY";
	diagnosistype = "AUXILIARY";
}
node TheirFullTimeWork_Care
{
	states = ("Yes" "No" "There are no dependents" );
	position = (2050 1360);
	excludepolicy = "include whole CPT";
	ismapvariable = "false";
	label = "Care of dependent";
	DSLxEXTRA_DEFINITIONxDIAGNOSIS_TYPE = "AUXILIARY";
	diagnosistype = "AUXILIARY";
}
node TheirProspects_SkillDemand
{
	states = ("Very high" "High" "Average" "Low" "Very low" );
	position = (2050 1040);
	excludepolicy = "include whole CPT";
	ismapvariable = "false";
	label = "Demand for their skills";
	DSLxEXTRA_DEFINITIONxDIAGNOSIS_TYPE = "AUXILIARY";
	diagnosistype = "AUXILIARY";
}
node Assets_TheirMarital
{
	states = ("less than 50,000" "50,000 to 100,000" "100,001 to 500,000" "500,001 to 1,000,000" "1,000,001 to 2,500,000" "2,500,001 to 5,000,000" "5,000,001 to 10,000,000" "more than 10,000,000" );
	position = (2080 2620);
	excludepolicy = "include whole CPT";
	ismapvariable = "false";
	label = "Their marital contributions";
	DSLxEXTRA_DEFINITIONxDIAGNOSIS_TYPE = "AUXILIARY";
	diagnosistype = "AUXILIARY";
}
node Needs_TheirAge
{
	states = ("younger than 21" "between 21 and 30" "between 31 and 40" "between 41 and 50" "between 51 and 60" "between 61 and 75" "older than 75" );
	position = (790 700);
	excludepolicy = "include whole CPT";
	ismapvariable = "false";
	label = "Your ex's age";
	DSLxEXTRA_DEFINITIONxDIAGNOSIS_TYPE = "AUXILIARY";
	diagnosistype = "AUXILIARY";
}
node marriage_length_apart
{
	states = ("Less than 1/2 a year" "Less than 1 year" "Less than 5 years" "Less than 15 years" "More than 15 years" "More than 25 years" );
	position = (1300 4090);
	excludepolicy = "include whole CPT";
	ismapvariable = "false";
	label = "Number of Years Apart";
	DSLxEXTRA_DEFINITIONxDIAGNOSIS_TYPE = "AUXILIARY";
	diagnosistype = "AUXILIARY";
}
node TheirProspects_Pastemployment
{
	states = ("Unemployed" "Eregularly employed " "Regularly employed part time" "Regularly employed full time" );
	position = (2040 890);
	excludepolicy = "include whole CPT";
	ismapvariable = "false";
	label = "Past level of employment";
	DSLxEXTRA_DEFINITIONxDIAGNOSIS_TYPE = "AUXILIARY";
	diagnosistype = "AUXILIARY";
}
node HouseHoldDuties_HomeGarden
{
	states = ("Much More" "More" "Same" "Less" "Much Less" );
	position = (1690 4250);
	excludepolicy = "include whole CPT";
	ismapvariable = "false";
	label = "Maintaing the house and garden";
	DSLxEXTRA_DEFINITIONxDIAGNOSIS_TYPE = "AUXILIARY";
	diagnosistype = "AUXILIARY";
}
node Main_NonFinacial
{
	states = ("Much More" "More" "Same" "Less" "Much Less" );
	position = (1280 3200);
	excludepolicy = "include whole CPT";
	ismapvariable = "false";
	label = "Non-financial contributions";
	DSLxEXTRA_DEFINITIONxDIAGNOSIS_TYPE = "AUXILIARY";
	diagnosistype = "AUXILIARY";
}
node YourSuperValuse_Splitable
{
	states = ("less than $5000" "between $5001 and $25,000" "between $25,001 and $75,000" "between $75,001 and $150,000" "between $150,001 and $250,000" "between $250,001 and $500,000" "between $500,001 and $1,000,000" "more than $1,000,000" );
	position = (1660 1640);
	excludepolicy = "include whole CPT";
	ismapvariable = "false";
	label = "Value of your splitable superannuation";
	DSLxEXTRA_DEFINITIONxDIAGNOSIS_TYPE = "AUXILIARY";
	diagnosistype = "AUXILIARY";
}
node Main_Superannuation
{
	states = ("Much more" "More" "Same" "Less" "Much less" );
	position = (1300 3600);
	excludepolicy = "include whole CPT";
	ismapvariable = "false";
	label = "Superannuation contributions";
	DSLxEXTRA_DEFINITIONxDIAGNOSIS_TYPE = "AUXILIARY";
	diagnosistype = "AUXILIARY";
}
node HouseHoldDuties_Finances
{
	states = ("Much More" "More" "Same" "Less" "Much Less" );
	position = (1690 4560);
	excludepolicy = "include whole CPT";
	ismapvariable = "false";
	label = "Managing the finances";
	DSLxEXTRA_DEFINITIONxDIAGNOSIS_TYPE = "AUXILIARY";
	diagnosistype = "AUXILIARY";
}
node Needs_Dependents
{
	states = ("There are no dependents" "Much More" "More" "Same" "Less" "Much Less" );
	position = (780 130);
	excludepolicy = "include whole CPT";
	ismapvariable = "false";
	label = "Obligations to dependents";
	DSLxEXTRA_DEFINITIONxDIAGNOSIS_TYPE = "AUXILIARY";
	diagnosistype = "AUXILIARY";
}
node homemaker_duties
{
	states = ("Much more" "More" "Same" "Less" "Much Less" );
	position = (1300 4310);
	excludepolicy = "include whole CPT";
	ismapvariable = "false";
	label = "House Hold Duties";
	DSLxEXTRA_DEFINITIONxDIAGNOSIS_TYPE = "AUXILIARY";
	diagnosistype = "AUXILIARY";
}
node Waste_TheirKnowlageOf
{
	states = ("Yes" "No" );
	position = (1300 5710);
	excludepolicy = "include whole CPT";
	ismapvariable = "false";
	label = "Knowlage of Waste";
	DSLxEXTRA_DEFINITIONxDIAGNOSIS_TYPE = "AUXILIARY";
	diagnosistype = "AUXILIARY";
}
node Main_Salary
{
	states = ("Much more" "More" "Same" "Less" "Much less" );
	position = (1270 2920);
	excludepolicy = "include whole CPT";
	ismapvariable = "false";
	label = "Contributions by way of Salary";
	DSLxEXTRA_DEFINITIONxDIAGNOSIS_TYPE = "AUXILIARY";
	diagnosistype = "AUXILIARY";
}
node wealth
{
	states = ("Extreamly high" "Very high" "High" "Average" "Low" "Very low" "Extreamly Low" );
	position = (380 2240);
	excludepolicy = "include whole CPT";
	ismapvariable = "false";
	label = "Common Pool of Assets";
	DSLxEXTRA_DEFINITIONxDIAGNOSIS_TYPE = "AUXILIARY";
	diagnosistype = "AUXILIARY";
}
node Waste_Negligent
{
	states = ("Much more" "More" "Same" "Less" "Much less" );
	position = (1290 5380);
	excludepolicy = "include whole CPT";
	ismapvariable = "false";
	label = "Cause of waste 2";
	DSLxEXTRA_DEFINITIONxDIAGNOSIS_TYPE = "AUXILIARY";
	diagnosistype = "AUXILIARY";
}
node contributions
{
	states = ("Much more" "More" "Same" "Less" "Much less" );
	position = (320 4280);
	excludepolicy = "include whole CPT";
	ismapvariable = "false";
	label = "Contributions";
	DSLxEXTRA_DEFINITIONxDIAGNOSIS_TYPE = "AUXILIARY";
	diagnosistype = "AUXILIARY";
}
node YourSuper_Phase
{
	states = ("Growth phase" "Payment phase" );
	position = (1220 1580);
	excludepolicy = "include whole CPT";
	ismapvariable = "false";
	label = "Your Super Phase";
	DSLxEXTRA_DEFINITIONxDIAGNOSIS_TYPE = "AUXILIARY";
	diagnosistype = "AUXILIARY";
}
node Finacial_Other
{
	states = ("Much better" "Better" "Same" "Worse" "Much worse" );
	position = (1210 1050);
	excludepolicy = "include whole CPT";
	ismapvariable = "false";
	label = "Other income sources";
	DSLxEXTRA_DEFINITIONxDIAGNOSIS_TYPE = "AUXILIARY";
	diagnosistype = "AUXILIARY";
}
node Wealth_Assets
{
	states = ("less than $75,000" "between $75,001 and $150,000" "between $150,001 and $500,000" "between $500,001 and $1,500,000" "between $1500,001 and $4,000,000" "between $4,000,000 and $10,000,000" "More than $10,000,000" );
	position = (800 2240);
	excludepolicy = "include whole CPT";
	ismapvariable = "false";
	label = "Value of assets in the marriage";
	DSLxEXTRA_DEFINITIONxDIAGNOSIS_TYPE = "AUXILIARY";
	diagnosistype = "AUXILIARY";
}
node Employment_TheirFullTimeWork
{
	states = ("Yes" "No" );
	position = (1650 1410);
	excludepolicy = "include whole CPT";
	ismapvariable = "false";
	label = "Fulltime work";
	DSLxEXTRA_DEFINITIONxDIAGNOSIS_TYPE = "AUXILIARY";
	diagnosistype = "AUXILIARY";
}
node needs
{
	states = ("Much higher" "Higher" "Same" "Lower" "Much lower" );
	position = (360 910);
	excludepolicy = "include whole CPT";
	ismapvariable = "false";
	label = "Future Needs";
	DSLxEXTRA_DEFINITIONxDIAGNOSIS_TYPE = "AUXILIARY";
	diagnosistype = "AUXILIARY";
}
node marriage_length
{
	states = ("Very long" "Long" "Average" "Short" "Very short" "Extremely short" );
	position = (860 3950);
	excludepolicy = "include whole CPT";
	ismapvariable = "false";
	label = "Length of Marrage";
	DSLxEXTRA_DEFINITIONxDIAGNOSIS_TYPE = "AUXILIARY";
	diagnosistype = "AUXILIARY";
}
node Wealth_Income
{
	states = ("Well above average" "Above average" "Average" "Less than average" "Well below average" );
	position = (800 2100);
	excludepolicy = "include whole CPT";
	ismapvariable = "false";
	label = "The combined income during the marriage";
	DSLxEXTRA_DEFINITIONxDIAGNOSIS_TYPE = "AUXILIARY";
	diagnosistype = "AUXILIARY";
}
node Assets_PreMarital
{
	states = ("Much higher" "Higher" "Same" "Lower" "Much lower" );
	position = (1670 2320);
	excludepolicy = "include whole CPT";
	ismapvariable = "false";
	label = "Contributions to premarital assets";
	DSLxEXTRA_DEFINITIONxDIAGNOSIS_TYPE = "AUXILIARY";
	diagnosistype = "AUXILIARY";
}
node Financial_Investments
{
	states = ("Much better" "Better" "Same" "Worse" "Much worse" );
	position = (1200 520);
	excludepolicy = "include whole CPT";
	ismapvariable = "false";
	label = "Investments";
	DSLxEXTRA_DEFINITIONxDIAGNOSIS_TYPE = "AUXILIARY";
	diagnosistype = "AUXILIARY";
}
node contributions_homemaker
{
	states = ("Much more" "More" "Same" "Less" "Much less" );
	position = (930 4590);
	excludepolicy = "include whole CPT";
	ismapvariable = "false";
	label = "Homemaker Contributions";
	DSLxEXTRA_DEFINITIONxDIAGNOSIS_TYPE = "AUXILIARY";
	diagnosistype = "AUXILIARY";
}
node TheirSuperValuse_NonSplitable
{
	states = ("less than $5000" "between $5001 and $25,000" "between $25,001 and $75,000" "between $75,001 and $150,000" "between $150,001 and $250,000" "between $250,001 and $500,000" "between $500,001 and $1,000,000" "more than $1,000,000" );
	position = (1650 2110);
	excludepolicy = "include whole CPT";
	ismapvariable = "false";
	label = "Value of their non-splitable superannuation";
	DSLxEXTRA_DEFINITIONxDIAGNOSIS_TYPE = "AUXILIARY";
	diagnosistype = "AUXILIARY";
}
node YourFullTimeWork_Health
{
	states = ("Yes" "No" );
	position = (2030 720);
	excludepolicy = "include whole CPT";
	ismapvariable = "false";
	label = "Limitation dew to Health";
	DSLxEXTRA_DEFINITIONxDIAGNOSIS_TYPE = "AUXILIARY";
	diagnosistype = "AUXILIARY";
}
node Super_YourPayOut
{
	states = ("Now" "in less than 5 years" "in 5 to 10 years" "in 11 to 15 years" "in 16 to 20 years" "in 20 to 30 years" "in more than 30 years" );
	position = (1690 3380);
	excludepolicy = "include whole CPT";
	ismapvariable = "false";
	label = "Relizeing your super";
	DSLxEXTRA_DEFINITIONxDIAGNOSIS_TYPE = "AUXILIARY";
	diagnosistype = "AUXILIARY";
}
node contributions_Negative
{
	states = ("Much more" "More" "Same" "Less" "Much less" "Not applicable" );
	position = (570 5340);
	excludepolicy = "include whole CPT";
	ismapvariable = "false";
	label = "Negative Contributions";
	DSLxEXTRA_DEFINITIONxDIAGNOSIS_TYPE = "AUXILIARY";
	diagnosistype = "AUXILIARY";
}
node marriage_length_years
{
	states = ("Less than 1/2 a year" "Less than 1 year" "Less than 5 years" "Less than 15 years" "More than 15 years" "More than 25 years" );
	position = (1300 3820);
	excludepolicy = "include whole CPT";
	ismapvariable = "false";
	label = "Number of years Married";
	DSLxEXTRA_DEFINITIONxDIAGNOSIS_TYPE = "AUXILIARY";
	diagnosistype = "AUXILIARY";
}
node marriage_length_cohab
{
	states = ("Less than 1/2 a year" "Less than 1 year" "Less than 5 years" "Less than 15 years" "More than 15 years" "More than 25 years" );
	position = (1300 3950);
	excludepolicy = "include whole CPT";
	ismapvariable = "false";
	label = "Number of years of Cohabitation";
	DSLxEXTRA_DEFINITIONxDIAGNOSIS_TYPE = "AUXILIARY";
	diagnosistype = "AUXILIARY";
}
node TheirrFullTimeWork_Health
{
	states = ("Yes" "No" );
	position = (2060 1510);
	excludepolicy = "include whole CPT";
	ismapvariable = "false";
	label = "Limitation dew to Health";
	DSLxEXTRA_DEFINITIONxDIAGNOSIS_TYPE = "AUXILIARY";
	diagnosistype = "AUXILIARY";
}
node ChildRearing_TheirTimeAtWork
{
	states = ("less than 10 per week" "10 to 20 per week" "21 to  30 per week" "31 to 40 per week" "more than 40 per week" );
	position = (1670 5040);
	excludepolicy = "include whole CPT";
	ismapvariable = "false";
	label = "Time they spend at work";
	DSLxEXTRA_DEFINITIONxDIAGNOSIS_TYPE = "AUXILIARY";
	diagnosistype = "AUXILIARY";
}
node TheirSuper_Phase
{
	states = ("Growth phase" "Payment phase" );
	position = (1220 1890);
	excludepolicy = "include whole CPT";
	ismapvariable = "false";
	label = "Their Super Phase";
	DSLxEXTRA_DEFINITIONxDIAGNOSIS_TYPE = "AUXILIARY";
	diagnosistype = "AUXILIARY";
}
node HouseHoldDuties_GettinBasics
{
	states = ("Much More" "More" "Same" "Less" "Much Less" );
	position = (1690 4400);
	excludepolicy = "include whole CPT";
	ismapvariable = "false";
	label = "Getting basic necessities";
	DSLxEXTRA_DEFINITIONxDIAGNOSIS_TYPE = "AUXILIARY";
	diagnosistype = "AUXILIARY";
}
node contributions_main
{
	states = ("Much higher" "Higher" "About the same" "Lower" "Much lower" );
	position = (790 3050);
	excludepolicy = "include whole CPT";
	ismapvariable = "false";
	label = "Main Contributions";
	DSLxEXTRA_DEFINITIONxDIAGNOSIS_TYPE = "AUXILIARY";
	diagnosistype = "AUXILIARY";
}
node TheirSuper_Value
{
	states = ("less than $5000" "between $5001 and $25,000" "between $25,001 and $75,000" "between $75,001 and $150,000" "between $150,001 and $250,000" "between $250,001 and $500,000" "between $500,001 and $1,000,000" "more than $1,000,000" );
	position = (1220 2040);
	excludepolicy = "include whole CPT";
	ismapvariable = "false";
	label = "Value of their super";
	DSLxEXTRA_DEFINITIONxDIAGNOSIS_TYPE = "AUXILIARY";
	diagnosistype = "AUXILIARY";
}
node YourSuperValuse_NonSplitable
{
	states = ("less than $5000" "between $5001 and $25,000" "between $25,001 and $75,000" "between $75,001 and $150,000" "between $150,001 and $250,000" "between $250,001 and $500,000" "between $500,001 and $1,000,000" "more than $1,000,000" );
	position = (1660 1780);
	excludepolicy = "include whole CPT";
	ismapvariable = "false";
	label = "Value of you non splitable superannuation";
	DSLxEXTRA_DEFINITIONxDIAGNOSIS_TYPE = "AUXILIARY";
	diagnosistype = "AUXILIARY";
}
node TheirSuperValuse_Splitable
{
	states = ("less than $5000" "between $5001 and $25,000" "between $25,001 and $75,000" "between $75,001 and $150,000" "between $150,001 and $250,000" "between $250,001 and $500,000" "between $500,001 and $1,000,000" "more than $1,000,000" );
	position = (1650 1960);
	excludepolicy = "include whole CPT";
	ismapvariable = "false";
	label = "Value of their splitable superannuation";
	DSLxEXTRA_DEFINITIONxDIAGNOSIS_TYPE = "AUXILIARY";
	diagnosistype = "AUXILIARY";
}
node Negative_Waste
{
	states = ("Much more" "More" "Same" "Less" "Much less" "NA" );
	position = (940 5440);
	excludepolicy = "include whole CPT";
	ismapvariable = "false";
	label = "Waste";
	DSLxEXTRA_DEFINITIONxDIAGNOSIS_TYPE = "AUXILIARY";
	diagnosistype = "AUXILIARY";
}
node YourProspects_SkillDemand
{
	states = ("Very high" "High" "Average" "Low" "Very low" );
	position = (2000 190);
	excludepolicy = "include whole CPT";
	ismapvariable = "false";
	label = "Demand for your skills";
	DSLxEXTRA_DEFINITIONxDIAGNOSIS_TYPE = "AUXILIARY";
	diagnosistype = "AUXILIARY";
}
node Needs_Financial
{
	states = ("Much Better" "Better" "Same" "Worse" "Much Worse" );
	position = (780 910);
	excludepolicy = "include whole CPT";
	ismapvariable = "false";
	label = "Financial Needs";
	DSLxEXTRA_DEFINITIONxDIAGNOSIS_TYPE = "AUXILIARY";
	diagnosistype = "AUXILIARY";
}
node ChildRearing_YourTimeAtWork
{
	states = ("less than 10 per week" "10 to 20 per week" "21 to 30 per week" "31 to 40 per week" "more than 40 per week" );
	position = (1680 4720);
	excludepolicy = "include whole CPT";
	ismapvariable = "false";
	label = "Time you spend at work";
	DSLxEXTRA_DEFINITIONxDIAGNOSIS_TYPE = "AUXILIARY";
	diagnosistype = "AUXILIARY";
}
node YourProspects_Education
{
	states = ("Less than year 10 or equivilant" "Year 10 to 11 or equivilant" "Year 12 or equivilant" "Diploma" "Bachelor" "Post graduate studdies" );
	position = (2020 390);
	excludepolicy = "include whole CPT";
	ismapvariable = "false";
	label = "Level of Education";
	DSLxEXTRA_DEFINITIONxDIAGNOSIS_TYPE = "AUXILIARY";
	diagnosistype = "AUXILIARY";
}
node YourProspects_Pastemployment
{
	states = ("Unemployed" "Eregularly emploloyed" "Regularly employed part time" "Regularly employed full time" );
	position = (2010 20);
	excludepolicy = "include whole CPT";
	ismapvariable = "false";
	label = "Past level of employment";
	DSLxEXTRA_DEFINITIONxDIAGNOSIS_TYPE = "AUXILIARY";
	diagnosistype = "AUXILIARY";
}
node Needs_Health
{
	states = ("Much better" "Better" "Same" "Worse" "Much worse" );
	position = (780 1240);
	excludepolicy = "include whole CPT";
	ismapvariable = "false";
	label = "Health needs";
	DSLxEXTRA_DEFINITIONxDIAGNOSIS_TYPE = "AUXILIARY";
	diagnosistype = "AUXILIARY";
}
node YourFullTimeWork_Care
{
	states = ("Yes" "No" "There are no dependents" );
	position = (2030 550);
	excludepolicy = "include whole CPT";
	ismapvariable = "false";
	label = "Care of dependent";
	DSLxEXTRA_DEFINITIONxDIAGNOSIS_TYPE = "AUXILIARY";
	diagnosistype = "AUXILIARY";
}
node Financial_Employment
{
	states = ("Much better" "Better" "Same" "Worse" "Much worse" );
	position = (1200 800);
	excludepolicy = "include whole CPT";
	ismapvariable = "false";
	label = "Employment Prospects";
	DSLxEXTRA_DEFINITIONxDIAGNOSIS_TYPE = "AUXILIARY";
	diagnosistype = "AUXILIARY";
}
node Dependent_SupportRequired
{
	states = ("Very high" "High" "Average" "Low" "Very Low" );
	position = (1220 280);
	excludepolicy = "include whole CPT";
	ismapvariable = "false";
	label = "Support Requierments";
	DSLxEXTRA_DEFINITIONxDIAGNOSIS_TYPE = "AUXILIARY";
	diagnosistype = "AUXILIARY";
}
node ChildRearing_YourTimeWithKids
{
	states = ("less than 5 per week" "5 to 10 per week" "11 to 20 per week" "21 to 30 per week" "more than 30 per week" );
	position = (1680 4870);
	excludepolicy = "include whole CPT";
	ismapvariable = "false";
	label = "Time you spend with your children";
	DSLxEXTRA_DEFINITIONxDIAGNOSIS_TYPE = "AUXILIARY";
	diagnosistype = "AUXILIARY";
}
node Salary_TheirWork
{
	states = ("Full time" "Part time" "Studied" "Did not work" );
	position = (1690 3000);
	excludepolicy = "include whole CPT";
	ismapvariable = "false";
	label = "Their work situation";
	DSLxEXTRA_DEFINITIONxDIAGNOSIS_TYPE = "AUXILIARY";
	diagnosistype = "AUXILIARY";
}
node Salary_YourSalary
{
	states = ("less than 10,000 per year" "between 10,001 and 25,000 pre year" "between 25,001 and 50,000 pre year" "between 50,001 and 75,000 pre year" "between 75,001 and 100,000 pre year" "between 100,001 and 150,000 pre year" "more than 150,000 pre year" );
	position = (1700 2860);
	excludepolicy = "include whole CPT";
	ismapvariable = "false";
	label = "Your Salary";
	DSLxEXTRA_DEFINITIONxDIAGNOSIS_TYPE = "AUXILIARY";
	diagnosistype = "AUXILIARY";
}
node Super_TheirValue
{
	states = ("less the 5,000" "between 5,000 and 50,000" "between 50,001 and 100,000" "between 100,000, and 250,000" "between 250,001 and 500,000" "between 500,001 and 750,000" "between 750,001 and 1,000,000" "more than 1,000,000" );
	position = (1690 3850);
	excludepolicy = "include whole CPT";
	ismapvariable = "false";
	label = "Value of their Super";
	DSLxEXTRA_DEFINITIONxDIAGNOSIS_TYPE = "AUXILIARY";
	diagnosistype = "AUXILIARY";
}
node Financial_Salary
{
	states = ("Much better" "better" "Same" "Worse" "Much worse" );
	position = (1200 1280);
	excludepolicy = "include whole CPT";
	ismapvariable = "false";
	label = "Income from Salary";
	DSLxEXTRA_DEFINITIONxDIAGNOSIS_TYPE = "AUXILIARY";
	diagnosistype = "AUXILIARY";
}
potential ( Super_YourValue | Main_Superannuation )
{
	data = ((	0.07558139534883584	0.07558139534883584	0.08720930232557982	0.08720930232557982	0.0988372093023248	0.0988372093023248	0.23837209302325954	0.23837209302325954	)
		(	0.07558139534883584	0.07558139534883584	0.08720930232557982	0.08720930232557982	0.0988372093023248	0.23837209302325954	0.23837209302325954	0.0988372093023248	)
		(	0.07558139534883584	0.08720930232557982	0.0988372093023248	0.23837209302325954	0.23837209302325954	0.0988372093023248	0.08720930232557982	0.07558139534883584	)
		(	0.09883720930232483	0.2383720930232596	0.2383720930232596	0.09883720930232483	0.08720930232557983	0.08720930232557983	0.07558139534883586	0.07558139534883586	)
		(	0.2383720930232596	0.2383720930232596	0.09883720930232483	0.09883720930232483	0.08720930232557983	0.08720930232557983	0.07558139534883586	0.07558139534883586	));
}
potential ( Salary_YourWork | Main_Salary )
{
	data = ((	0.46511627906976627	0.3255813953488374	0.1860465116279085	0.023255813953487813	)
		(	0.35714285714285643	0.35714285714285643	0.17857142857142821	0.10714285714285893	)
		(	0.23728813559322	0.33898305084746	0.1864406779661	0.23728813559322	)
		(	0.125	0.20833333333333	0.25	0.41666666666667	)
		(	0.02439024390243903	0.14634146341463017	0.34146341463415036	0.48780487804878053	));
}
potential ( Needs_YourAge | needs )
{
	data = ((	0.04878048780487829	0.060975609756098365	0.0853658536585385	0.1463414634146309	0.19512195121951117	0.2195121951219513	0.24390243902439146	)
		(	0.055555555555555886	0.06666666666666686	0.08888888888888882	0.1555555555555597	0.19999999999999962	0.21111111111110958	0.22222222222221955	)
		(	0.10344827586206899	0.13793103448275865	0.1609195402298884	0.17241379310344832	0.1609195402298884	0.14942528735631852	0.11494252873562887	)
		(	0.22222222222221955	0.21111111111110958	0.19999999999999962	0.1555555555555597	0.08888888888888882	0.06666666666666686	0.055555555555555886	)
		(	0.24390243902439146	0.2195121951219513	0.19512195121951117	0.1463414634146309	0.0853658536585385	0.060975609756098365	0.04878048780487829	));
}
potential ( HouseHoldDuties_CookingCleaning | homemaker_duties )
{
	data = ((	0.4	0.35	0.2	0.04	0.01	)
		(	0.2	0.4	0.25	0.12	0.03	)
		(	0.1	0.2	0.4	0.2	0.1	)
		(	0.03	0.12	0.25	0.4	0.2	)
		(	0.01	0.04	0.2	0.35	0.4	));
}
potential ( Needs_super | needs )
{
	data = ((	0.41580041580041915	0.27027027027026945	0.20790020790020958	0.10395010395009979	0.0020790020790020956	)
		(	0.22222222222222068	0.3703703703703711	0.2592592592592608	0.11111111111111034	0.03703703703703711	)
		(	0.06	0.24	0.4	0.24	0.06	)
		(	0.03703703703703711	0.11111111111111033	0.2592592592592608	0.3703703703703711	0.22222222222222066	)
		(	0.0020790020790020956	0.10395010395009978	0.20790020790020955	0.27027027027026945	0.4158004158004191	));
}
potential ( Negative_Abuse | contributions_Negative )
{
	data = ((	0.38069133546520373	0.2855185015989028	0.1332419674128213	0.038069133546520376	0.019034566773260188	0.14344449520329142	)
		(	0.21407164264306808	0.28542885685742747	0.21407164264306808	0.10703582132153905	0.035678607107178684	0.14371342942771873	)
		(	0.07135721421435672	0.21407164264306913	0.28542885685742886	0.21407164264306913	0.07135721421435672	0.14371342942771942	)
		(	0.035678607107178684	0.10703582132153906	0.2140716426430681	0.28542885685742747	0.2140716426430681	0.14371342942771873	)
		(	0.01903456677326019	0.03806913354652038	0.13324196741282132	0.28551850159890285	0.38069133546520384	0.14344449520329144	)
		(	0.09320020355297282	0.09320020355297282	0.2115433988192396	0.09320020355297282	0.09320020355297282	0.4156557869688692	));
}
potential ( TheirProspects_Education | Employment_TheirProspects )
{
	data = ((	0.03333333333333333	0.06666666666666667	0.13333333333333333	0.23333333333333334	0.3	0.23333333333333334	)
		(	0.03333333333333333	0.06666666666666667	0.13333333333333333	0.23333333333333334	0.26666666666666666	0.26666666666666666	)
		(	0.06666666666666667	0.1	0.16666666666666666	0.23333333333333334	0.23333333333333334	0.2	)
		(	0.26666666666666666	0.26666666666666666	0.23333333333333334	0.13333333333333333	0.06666666666666667	0.03333333333333333	)
		(	0.23333333333333334	0.3	0.23333333333333334	0.13333333333333333	0.06666666666666667	0.03333333333333333	));
}
potential ( Assets_YourPreMarital | Assets_PreMarital )
{
	data = ((	9.303190994511309E-4	0.00930319099451131	0.03721276397804544	0.08372871895060198	0.12094148292864143	0.170434459019442	0.24960461438273293	0.32784445064657386	)
		(	0.0010989010989010922	0.02087912087912085	0.06593406593406453	0.10989010989010922	0.17582417582417875	0.20879120879120852	0.21978021978021844	0.1978021978021986	)
		(	0.044483985765124745	0.08896797153024749	0.16014234875444905	0.20640569395017877	0.20640569395017877	0.16014234875444905	0.08896797153024749	0.044483985765124745	)
		(	0.1978021978021986	0.21978021978021844	0.20879120879120852	0.17582417582417875	0.10989010989010922	0.06593406593406453	0.02087912087912085	0.0010989010989010922	)
		(	0.32784445064657386	0.24960461438273296	0.17043445901944201	0.12094148292864144	0.083728718950602	0.037212763978045446	0.009303190994511311	9.30319099451131E-4	));
}
potential ( ChildRearing_TheirTimeWithKids | homemaker_child_rearing )
{
	data = ((	0.2	0.2	0.2	0.2	0.2	)
		(	0.06666666666666721	0.13333333333333042	0.20000000000000062	0.2666666666666708	0.33333333333333104	)
		(	0.033333333333333236	0.13333333333333094	0.2666666666666719	0.3333333333333323	0.23333333333333167	)
		(	0.06666666666666674	0.26666666666666894	0.33333333333332865	0.26666666666666894	0.06666666666666674	)
		(	0.23333333333333162	0.3333333333333323	0.2666666666666718	0.13333333333333092	0.03333333333333323	)
		(	0.333333333333331	0.26666666666667077	0.20000000000000062	0.1333333333333304	0.0666666666666672	));
}
potential ( Dependent_Access | Needs_Dependents )
{
	data = ((	0.125	0.125	0.125	0.125	0.125	0.125	0.125	0.125	)
		(	0.249999996875	0.21249999734375	0.18749999765625	0.13749999828125	0.11249999859375	0.06249999921875	0.03749999953125	1.249999984375E-8	)
		(	0.24999999687500002	0.22499999718750002	0.21249999734375002	0.18749999765625003	0.062499999218750005	0.03749999953125001	0.024999999687500003	1.2499999843750002E-8	)
		(	1.3157894390582117E-8	0.07894736634349171	0.15789473268698143	0.2631578878116324	0.2631578878116324	0.15789473268698143	0.07894736634349171	1.3157894390582117E-8	)
		(	1.2499999843750004E-8	0.024999999687500007	0.03749999953125001	0.06249999921875001	0.18749999765625003	0.21249999734375005	0.22499999718750005	0.24999999687500005	)
		(	1.2499999843750002E-8	0.03749999953125001	0.062499999218750005	0.11249999859375001	0.13749999828125004	0.18749999765625003	0.21249999734375002	0.24999999687500002	));
}
potential ( Salary_TheirSalary | Main_Salary )
{
	data = ((	0.2982131854590289	0.25927295132470907	0.20332717190387928	0.13555144793591953	0.0862600123228587	0.01725200246457194	1.2322858903265956E-4	)
		(	0.19861317273220977	0.19871542441236978	0.24376800549835972	0.1840530242856698	0.12270201619044986	0.051125840079353946	0.001022516801587099	)
		(	0.075	0.1125	0.1875	0.25	0.1875	0.1125	0.075	)
		(	0.001022516801587099	0.051125840079353946	0.12270201619044986	0.1840530242856698	0.24376800549835972	0.19871542441236978	0.19861317273220977	)
		(	1.2322858903265956E-4	0.01725200246457194	0.0862600123228587	0.13555144793591953	0.20332717190387928	0.25927295132470907	0.2982131854590289	));
}
potential ( YourSuper_value | Needs_super )
{
	data = ((	0.004166666666666767	0.008333333333333158	0.012500000000000051	0.016666666666666316	0.0833333333333316	0.1666666666666632	0.33333333333333887	0.37499999999999994	)
		(	0.42283620821248685	8.904492952730074E-4	0.008904492952730074	0.026713478858190223	0.08904492952730074	0.13356739429094278	0.1513763801964096	0.16666666666666666	)
		(	0.2187024744374068	0.18589710327178968	0.001929318006979723	0.019293180069797227	0.0771727202791863	0.17363862062817242	0.19293180069797228	0.13043478260869565	)
		(	0.13800777227887562	0.12267357535899948	0.09200518151925106	0.14775079992471368	0.17382447049965644	0.14775079992471368	0.13036835287474233	0.047619047619047616	)
		(	0.10991678671150461	0.03297503601345039	0.010991678671150461	0.001099167867115046	0.5219477128986023	0.2087790851594449	0.10438954257972245	0.009900990099009903	));
}
potential ( Waste_Diliberate | Negative_Waste )
{
	data = ((	0.625	0.21875	0.09375	0.05625	0.00625	)
		(	0.125	0.625	0.15625	0.0625	0.03125	)
		(	0.0625	0.125	0.625	0.125	0.0625	)
		(	0.03125	0.0625	0.15625	0.625	0.125	)
		(	0.00625	0.05625	0.09375	0.21875	0.625	)
		(	0.2	0.2	0.2	0.2	0.2	));
}
potential ( homemaker_child_rearing | contributions_homemaker )
{
	data = ((	0.16666666666666896	0.33333333333332793	0.2916666666666682	0.16666666666666896	0.03333333333333279	0.008333333333333148	)
		(	0.16666666666667	0.16666666666667	0.33333333333333	0.20833333333333	0.083333333333333	0.041666666666667	)
		(	0.16666666666666935	0.08333333333333168	0.16666666666666935	0.3333333333333287	0.16666666666666935	0.08333333333333168	)
		(	0.16666666666667	0.041666666666667	0.083333333333333	0.20833333333332998	0.33333333333333	0.16666666666667	)
		(	0.16666666666666896	0.008333333333333148	0.03333333333333279	0.16666666666666896	0.2916666666666682	0.33333333333332793	));
}
potential ( Super_TheirPayOut | Main_Superannuation )
{
	data = ((	0.08451192579277457	0.10665731125242946	0.1356538681944693	0.14921925501391925	0.16278464183335917	0.18028399083044908	0.18088900708259908	)
		(	0.09345794392523547	0.11214953271028055	0.12149532710280062	0.1401869158878507	0.1775700934579409	0.16822429906542083	0.18691588785047095	)
		(	0.12711864406779871	0.13559322033897864	0.15254237288135847	0.1694915254237283	0.15254237288135847	0.13559322033897864	0.12711864406779871	)
		(	0.18691588785047092	0.16822429906542083	0.1775700934579409	0.1401869158878507	0.1214953271028006	0.11214953271028054	0.09345794392523546	)
		(	0.18088900708259908	0.18028399083044908	0.16278464183335917	0.14921925501391925	0.1356538681944693	0.10665731125242944	0.08451192579277457	));
}
potential ( Assets_TheirPreMarital | Assets_PreMarital )
{
	data = ((	0.32784445064657386	0.24960461438273296	0.17043445901944201	0.12094148292864144	0.083728718950602	0.037212763978045446	0.009303190994511311	9.30319099451131E-4	)
		(	0.1978021978021986	0.21978021978021844	0.20879120879120852	0.17582417582417875	0.10989010989010922	0.06593406593406453	0.02087912087912085	0.0010989010989010922	)
		(	0.044483985765124745	0.08896797153024749	0.16014234875444905	0.20640569395017877	0.20640569395017877	0.16014234875444905	0.08896797153024749	0.044483985765124745	)
		(	0.0010989010989010922	0.02087912087912085	0.06593406593406453	0.10989010989010922	0.17582417582417875	0.20879120879120852	0.21978021978021844	0.1978021978021986	)
		(	9.303190994511309E-4	0.00930319099451131	0.03721276397804544	0.08372871895060198	0.12094148292864143	0.170434459019442	0.24960461438273293	0.32784445064657386	));
}
potential ( Employment_TheirProspects | Financial_Employment )
{
	data = ((	0.38387715930902	0.32629558541267	0.19193857965451	0.095969289827255	0.0019193857965451	)
		(	0.23032629558541	0.38387715930902	0.28790786948177	0.095969289827255	0.0019193857965451	)
		(	0.002164502164502212	0.2813852813852816	0.43290043290043245	0.2813852813852816	0.002164502164502212	)
		(	0.0019193857965451	0.095969289827255	0.28790786948177	0.38387715930902	0.23032629558541	)
